252815
941603
434668
512750
884610
692873
967535
537453
991018
161206
416660
925124
669160
725297
247491
167601
613357
292799
991894
771198
409544
812014
930869
300197
467130
884572
678541
237388
680565
522429
780615
116568
856050
245354
756904
739223
992152
907747
314625
751998
829240
223724
825095
671074
473647
567973
268872
360167
578014
130826
161107
123408
281959
679133
654570
909719
680827
426822
420498
199236
444873
796777
661178
816114
732280
790307
493098
838033
985464
725506
198428
674464
316208
273854
450332
964114
721735
611698
627019
787629
983809
123415
934165
341744
338545
512897
806876
349150
983388
742370
464730
190582
582213
530833
925853
279574
187839
546831
282774
100668
